,0,1,2,3,4,5,6,7
0,0.0,0.7718392664729431,0.4431300095538598,0.8737116343902699,0.11725821656757138,0.8863783501054735,1.0,0.9979304588753424
1,0.7718392664729431,0.0,0.6152571515862439,0.007808777881655159,0.7202021449175544,0.26975379321038734,0.22862088623745472,0.3739641667023824
2,0.4431300095538598,0.6152571515862439,0.0,0.43150418097072285,0.12140092274387874,0.6837085505916831,0.6028136614973774,0.8844373456935954
3,0.8737116343902699,0.007808777881655159,0.43150418097072285,0.0,0.7610847908922685,0.017597861296090964,0.30926953052407574,0.2955849619041819
4,0.11725821656757138,0.7202021449175544,0.12140092274387874,0.7610847908922685,0.0,0.8281629069842946,0.8834093793753992,0.9665513771245455
5,0.8863783501054735,0.26975379321038734,0.6837085505916831,0.017597861296090964,0.8281629069842946,0.0,0.2914321502164605,0.2637481682562633
6,1.0,0.22862088623745472,0.6028136614973774,0.30926953052407574,0.8834093793753992,0.2914321502164605,0.0,0.0028009832626416714
7,0.9979304588753424,0.3739641667023824,0.8844373456935954,0.2955849619041819,0.9665513771245455,0.2637481682562633,0.0028009832626416714,0.0
